00000100101111111010111100100100111110011111001001001010101010110101010000101111101011101110000000001110011000011110101100000001000110111011011000101101101101001101001110000100010110100000110111000111
00010011010100101100110010111100101001001000100001110111010100111100111011111011101001100111011011001101101010000010010001110000111011000110110110111010110111011110111100001101010011100110111000111110
01001100001010010110110000010101000110010011111110111011010111001010000011111110110010100110010000011011111111110010011001101010111111000111000111101110010100000110011000000000000110110111101111010010
00101001011101000111111011110000101010100110100001101001110011101011010110000110011010010000000111010110110101011000111000110100101111101110101101000000110000110110101010001111000011110100000111110110
01111100011111110110010111000111000010001111011111011000101001011010010111100011010110110001010110110111110100101101001011011000110111000111000001111110010011011111111110111001000011011001110100010011
00100111010101111001010100100100001001000010011001111001011101100010001011010111011000110011110011010010000000100110100101111110111101101110010010001110100101011000011110110011111110001100110110001011
11001110011100101111001000001011011000011100101100111000111110001101000101101111110010001011001100010100001010011011100100100001111001010100011010101101110001111101100100111101111110110100000111110110
00000111011010001000101110110010010101000001110000110100100000001100100011101011011110010000100100000100010101010000111110010011101110101011100010111111111101011110010011101000000001111111110000111100
11010100001101001000100101100001110011111111000100001100110100011000011011010100010000001000101001010010110011111100111001011101100001111101000111101110101010010111001001010110001110011010000001110111
11110000111100111001101011011110110010101100011111000010111011100000000100111110101101110001010000110111011000010111110110001100110011010101000110110000000111011111111110010010101000100011110011111110
01011000100101000110010111000001111100010010101111110000001100111110010000110010100100111111001010110111110010100100000110000101100011010000100100001100000000111000100010101000000000110101110010011001
00000000101010111010010110110010100100101000000111101100010010010010011011100101110000101010011100000011101100001100001110011001001101011010100000100010001110110010011000110001001110010101110100000010
01001000010001111111100111000011000000111010110000110011100111110011110010010001001110110111100111010000000011111111101010101001111100011010011100000000101011110110110111111010011011101111110001111011
00100100000100101000101011011001001100100111110110101110011111110011010010011110011111101000111001011111000001100000000011000111001100000101101101101010010011001111101111001110110010111111010000011010
01101100001001110100101000101100001000101110001110001101001100011101011100010101011000101110010110111011010111000000000001110110101100110011000100000010110000000101000110000100011101010110110011001100
01001111111110110001111010110110101001101111000101110101101110100000111101000111001011011010000100001011111000000000101100111100001000101011011100011011000110111111001110011111100010000000101001000011
01011010101010110011101111110001101000110010100101010100100000001011100001110010011111101011000010100111101110011011011111111010010111101010101000001011111011001001011001010010011101010110101001111000
00011111100101011001100011101000110111011111010110111001101001011010001100111110000111000111010110111101111111101000011111100001101110101101111011011010011100010010111010001000010100001010110101100101
11110101100000011000000010010001010111010100000000111110000011011111010000110011000111001010011010101000100000100101011101111010010100100101101001111011000111010111000100010111011011110010111001101110
00100100001010100011011000110111010110010101001101010110010101001111101110100001010000001000011001011001010000011000000001101000110111110100011100101001001010001110010010001010110101011010011011101101
01110100100011100110011101011000100000111000001010111111110111101111010000101100000001000101001110101001010111110111110101100001100011000010100101000110111101111000111001011111110000000000010101100101
00101110111011011010101101001100010011011001110010000100010111001101001001110011001111011100000111110101111010101100011110001100110001110001101100010111110011111100101011001010001101001101101001111001
01000010111100000011001011010010011110010011100101001000011111001010100111111001011000011111011010111101000111101010010010110111000111101101101110101001110100101111110110010100010100010000010010001011
11011111010011100101111011001110011110010000100111000100111011011100101100000000010110100010101111110110000110101010000110101111001001100000011000010000101111100000000000100010011101000011001101001010
00000011001111010001010011000000110110111010101011011011111111011110110111111000001010100111001110110010011101110010010001110000011100000000110011101000110000011011001001111111111001110011100100011100
00101000111101001001111111101010100011010101011011110001111110010101111110111101101011111101010100101110111101101100110000101110100001010010000000101111101010101000011111101110011111010101011000101000
00100011001011011010011001010110100100110111100110110001010010010010100000001011011010000100101101001101001110101011101000011111111010101011000100010011100000001011110001110011101101010000110001011100
11001101000110001010010110010000111010100001111011100001101010100010000110101110001000000001011110110110011011100000011001010001111101111001000101100101101010011100000011011110101101111000010001011010
10010001110110000001110101001110110100101100100111101001011011010100001100111100011111100011111111101000111010001010000101111111111001100011111011100110111010110111001000001101111111001101010110011110
11110010011111101011101111101001100011001111001011001001001011010011010100111100110101111111110101001000100101111101100110000101000010111011101100111000000110011111110001111111101010010011010101010001
00011001001100011100001011011001110101011000010001011110110011011010101000011111010011000001010000011111110010110100101000111000100011011011000000101100100101101101111011011011000101100111110111110011
11010111001001011110001110101001111101000100000110101001101001010100100001101110100010001111101000000011111010010010101101101010000000110010110010110000101000100111011101100110111001000011110001100000
01000101111010000110000110111110110101001101111011011010110111111010110010010001101011010101001000000000010111000010110101010100010001110111011010100101011100100111011010000100101110010000000111000100
11001000101110011011001111001110111010011110100000010111000111001001001111010011011010100000101101001000010011001110111111011100111001111001100101000110111010011011000111101000011000010111001111001000
10110100001100001100101101011100111001101000111000100101011110110000100010001000011000100001010011010011011100101111011000011110101001010110111111000000101100011001111101100111100100110011000010101100
00101001101001110111100011010011001001110111000111110011000111000111111111111000111000000111111111000101101010110101111000000110101100001001110011101111110000111001101101101000100010001101001111110111
01011111011001111101100101011111101000001011011001011110011001001000010010011011011011110101000010000010000111100000001100011111101000000010100011010101000011001010000011100001000110001111000001101001
00100010111001100001000000011011000100110000011001011111101010110100100011110010111100001001000001110101101000101001111110101111011011110010001111110100011001110101101001111111100001110100110101001010
00101010111000101000000011010000011011110101101010100101011110101101101111001111011101111111001111111110000101010011111001110110100111011110101000111010011010001100111011001100001100000101110010010111
10010110101000001011010011010101010000010110110011111111001011100101101111010111000010010010111010001001011001011101000110110000100110010100101001011011010111111010110010011000000010110110110010010100
01100101001000011100011101010110101111100100100001100000011010000101101010110001011111001011101001111010011111000010000111011000001100100001001011100000110101000111101000111110001101100010000001111010
11010010111111100110010000111101000000010100001010011111010010101101110101010000000011100110100001111010011001111011000010011110111101111100000101101101011100110001011000111000100111100000010000111110
00100001101011110001101110110110001101001000111111000101000001100100010101110110011110101000011011010110000011110000011010111100010011010000100100101100010101100001010101001001011111011110111000001001
01001110011010010110110101111110001001010001110111001011011101110100100110111001100000010111000010000111100100001110011110011000110001001101101101010110111000011101001011111111110100001010010100001111
11100111001010010000000010011011111110101010100110011001111001101001100111111100000010000000110001010011111011100111000011111001010100111110011011010110110011000111011011011110011010100000110111101001
00010111111000011011010010100100000000101011110110000100011000100000111101100110100111111111001110111010011010000100000001001111011011001010000001100000111100010111111110111111000001000111011001011001
00011010111010001001101110101001011111100100100001100100010111100011101110101100011000011011001011111111111101011010000111001011010111110011111011000001100000010001010100100000101010111010010001011010
01101011111101100010011001110111110100111100010101111010100010110000111100000011110000001010111101011001010100011010011011111100000001001101000011111010100110100101000010101000110000100111100101111001
00001000111011000101001100110000010001010001000111111000000111000101001101001011100001010111000001110010001001010000010101101000001110011110000111001000111101010111000101010111011001111010000010111110
10110011001010100010000100110011000101010110000101111100111100010110101111100001101100110100010111011110100101100010010010110000011110100010100110011001111001001010101010010110111110000010010010100111
10010101100011111101000101100010101000001010100011000111011111000000010100101000100111111001111110111000100100101010100111010100000101100111100110000000110011110101010011001000001000010101001111011101
00000110111001111000001011010111100001101000000100110100100001001101010101001001000011101010001000100000000111100110110001000110100010100011001011111001110100100010001001001010111111010110110000100011
01111101101001011000000010111010001101001111011101100011110110000001100111111011011101100001010110111100001010101100100100111111011010110000011111101101100100001100101110000100110010111010111011110010
01101011001100110000111100001101011011100010101000110001011000001100110101000001110101010101111101011100100000010111000010000110010110101110111101011001100001011000110101110110111000110000001110001111
11111101001111010100101010101110011010100011101010001111110010001110001101110011010011010000111011100010010110101100110000000000010010000100100101000101110011100010110100011000100100100011101000000101
11110000001111111000101001010101011111111010101001101000001010111010010101110110001111101001110001110000100101001100011001000111110001010110011110110011100000000000000100101011001011010001110110101111
00101110010001011110000010100100001000001000111110010101001111011110011011110011010111010100110110101100001100110100011111100011010000000100011100000010111110001001100101111101001010000101110011110011
11110111111101111000000110101101111010001011101001111001110101010011100110000011111010110100001100100000011110000111100001101110011001011001010010010000010011000000010111011010111101101100100111010011
10011001111100010101110111100100011001110111011001110101101011101101001110001110111000110001101111010001010111010010101001101010110000110110011111011000010111111101010111011100100011111011010101111110
00010011100100000110101110010011111000100101110011001110100100111010111011010101101101101011011000101110111100011100101000110010010011001110100011101000011010111101111001100100101101011001110000110100
10110111001001100101100000100000000110001000110000101111100100110001101110001101100111110000110010010101101101001001101001001000011100000011010001100001100011101110100001111010100110011000110111110110
10010011010111011100001101011000101101010001000011000110011000010110001011000000100111100110101100000100101111101001011000101011110001100100110001011111000010111101101000000010010100101001110010000110
11110011001011110001101001101000101000100111101001101011111000101010101000011100000101101001100101011110110011000110111001010101100001001011010011011001111101011110110101111000010110001011010110000011
10100101110110000010111100101111101001001011110000010111001011101010010011110001011101100110100010100101010011011100001000110010100110111100010100001100010001000110110001001010101001100111111011101011
11100011101100100110000101110011111101000011000101010100010011001101010101110010010110110100111101111110011011011100111000011100100010111001011101000001010001001011011110010101101111110101110000111010
01111110111010111110000110000100110110001011000010010011100100010111000011001000011011001011001101100111011100000100000100011000011000101111010100010101010101100101000001100010111110001011011100010010
01101011100110011010100011101000010101101101110010111011001111111010010000101111111000010001111000011110011000100101110011001001001110111010100001100010110000101111100011001000111110111111110010000010
00100001000111100010110001111101000111010010100111111101000010101011001100001100101011111011010110111110000001111111101111111110110000110001111111101010111000000000111110011011100010110111011100001011
01010011111000100010101110110100000111101110001011110001111000011010010000111010110111111110101001110001001011110001010101101100001000100110011010010101010111101100010000100100111100010010101001101100
11111010000001011011111000011001011111111000011010111011101100000110000101100010001001110000001010001101110011001000101010001011011111010100011111100000011110000110111000010100111010001001001010110011
01011000110100100011001100101111100100110100100101101011010111111010101100000000100001111011010010011111000001011111111000110000110111001110111000101000101000010000000111110111011010101011001100010100
10100010001000001110010000101000000010001000000100010110100101001110100101011100101101110011010111110010100000010110010111101011010010001111000010000001011011110000101010111101111110110000001101101111
11010110100000000011110100101000111001111100111010001110010101000010000110111000101000000101001111100001111101011011010000001001110111100011001101000101000011000000110001010111100111000001100100000101
11011111110010110000111010100011000000111011000010111010110011000001011101001011110110011001000111111111000010101110111011011101010101111000001110011100100101010001111000010010010111101100000100101001
00101110001110101011101011100111111111100111001110011001010100100100011110011011010000000101100110000111110010101000111101101010100000100111011000110010011010110000100001010000011010010011010011010111
10110111000001000001010011110110011011011100101100101010011100001000110000110101101001011111011010010001111111101101010110000110101101010001010100011100101110110001011110100101101110111000100001100101
01011010100000101100101101101101001111001110110010011110111000000010000011001001011000001001100001101110110100100011111101110011100000010010000010110010101100101010111100100001001000010110101001101111
00110010100011100110001001011001011111110110010110011101101110110001110010000001101011110101110011110000100111011010010011101111110101111001111011000101001111001111000000100111011000101010100000111110
01101100110011001111001001010001110111000000111001111001001000100111111101011011111011110110100110000110001110010100101010001101100011000110001111101101101100011101010001111111100010111000101010010101
10000100010110001000000100000101110011001010111001010111010000101000001001110011110110100101010100001100010000001000010111001010011000110101110010101000100111100011111010011001110110010101110110000000
01100100000011010100001100100000000000000111111011100111110111010000010100000001000011100000101110000100010100111111011101110111011100101111111101101110001001001011010001111011111101001001011101101101
01011000010011000000110010011011100001000100000011111000100100000100011100110001101101110101000001001001110101011000000110100101111110001011001100100111010001101110111101011010101000101000111110100101
11000010001110011010000001001001000001001110000011101110000110000111100111010111010101011101111101001101010111010000111001111110110001110101100101011010011111001111101011001110110011001001001001111011
10011011001011110100011000101100001010111001011001111001111001001000111101000101001101100101001111011100100110000100010010100110010110000101000011011100000111111101110001010100110100001001111100011010
10001000011111001010001111101100100000000100111001101110110001010111100011001011110100001110010010111001001110101110110100000110000101000000010101011010110001110100111011001000000000010010100011011101
01001110001000011000101001111101101001111000101011111101001010100110100110001101110000110010010101100011101010010000111100100111000101110100000000010101111100011111011101010100011000011000100000111000
11011010011001001011001110101011010111011000111110101101000010000011011010100111011110100001100111111101101011100101111010111000010100010101001000001000100010101011101010100100000101100111001011010001
01011100011000010001100100000001011001110100101101000111100100100001010100010110000011111110001100011110111001101111100101011111101101101101111001011110111001110001110101001010010101011100101010110111
10011000000010100011010011100010010001000110111011101110100111001110100010110000101010110011011011011010110001001000000010011010111110000101010001100000000000000111100001010110011111101000011101000111
11010010011100010010100100000000010101001100001111111100100100101110111101101111001011010100111000100101011010001001011110001111000011110010100000110101000001000000000110100010100101001000011111001100
00001000100101011011100011000010100111001011101111010111000111110111001101011000010001100001010101011100101010110111110000111010011001110010001010100011000000001101101010110010001110100111010101011010
01010101111101101101101000010011000001100100011001111101111100001100110110111010100011111110100010101110010000010110110101000100001000100001001001110010101001111001101011010110101100111100100100111111
00011000001110111111101110111110001110101110011110101011000110111110000001000011001110101010111110111010110011011011010011110010111010001000001101101100111011001101001101001111001000000111010111001000
00111000100100001001100011010100111101110010011111011110100100000001111001000111111000111010011110010101101011100110010111000010100110110110011101110011100110110110111110100100001111110000000101001011
11101010100101100101000110000001101011111111111100001100111010001000001111011111011000001101000111101011000010110111111011100011101111100111110001100110110100110100010111010011101001110001000100001111
11101111001011000011101101011011110111010011001000111111111111111110011101011100001010101101000010100000001001100110100001110100100010000000101010100010000001011110001101011100001011010101100110010111
00110100100100010001100100110111111010000011110110001001010100001000010100111000100101001011000110111000101000001001000100000100010100111101101110010110011110101000100011111011110001001101000010110111
10001110000010000101010101010001010101010000111001010111000100011011101010100010100011100011001000011000110011011001100100001111111010010110110111001111101111111101001000100111110001010101111011101111
00001100000110000110010001001010111010000100100000011011000010110011001100011100010000010001111101011100111001100010000000011100001001000000001111000111101101000111010011100100110100111001101110001111
01001101101001101101000110111011111001110110101001111110000101000001110100001010010110000111110011100100111110010100110101001100100100110101111101000001001100100100110011100110001001010101001111010011
01100110011010101000100011111100100111111000010101100110100001110110011111100001001001011000111010101001001011111010101001110011011101011001001001101010110001001010000010101101110111111111100110101010
10010010000001100011001101011110110100011011111110111010010110010000011000110011100111001001010100101001000000001010111000111111111101101111001011101001001110111001001011000011001110111010101000101010
01111001111100111001101111100111110001100000111000010101100001110100100000000101010000000101111000111001100101001111110110000011101011000001001101000111000110010000101001110000110110001010011100001010
00101101011111001000010101110111000000000010101000000110101010010101101000000000101000011011111011001011010010000101001101101110010011010011011101101001010001010011110001110110101110100011000000111101
00010001011111110110011100010101101001111111100001010010100010010001110110001110101101100110011101101000101101100101100100110010010111011110111000111001011111010101100111100000010111100101100111101001
10101001101000101011000111011101110010100000000011000000010010001011100111000011100001100010011100111101100011000110000111111110000110111001101000101000100001101001010111001010110000110110001111001001
11100000011100100011001101000001100010011011101000101000011100010001010110100001111111111101010010100100100100010111010111111100010010010011110001011000011110101001111100110110000000001010010010000110
11111101011110111101001100110011111111111100011110010011011010001100110000001110110010111101100101111010001101111001110000111110110110001101010001011110001100101110011100011010111011001001101111100110
10010010010010001010010100010101100111111000011111101110011000110101010101010100111111010100011000110010100110100100000000010100101100101000111110011101101100001001011000010000101000011001010010110110
01000100010100001111000010001101000000011000001101110111101110111010100010100100000110000110010100011001010111001101011010000000101110001100101111000011001010000110001100111010110010100111100111011000
11110010011000111110001010010111101110111111110101001001110110011000100111001101100011100000010010000111111011100101111000000001001011100110111110101111010111011100101111100010101100101101000001000101
10101100011101110100000101111001111011100111110010010100101011101011001101110011001100101001010100000011011011101010010001011101000101101101001011001011101100111010010100100101110110000000100100100110
10110111111011000111010100011000101010100110101000000101111010010100100111100000101101010001110011000111001101000111111101111100101110110000001001000110110101001100101110111011111101000101101001000110
00011011010011111101110100010110101001100101010101111001101100001000111111010001111001111101001010100110001111110011010000010001111100111110111101100001100110010100010101011111010111100111010011101010
01101000100000111100100111000000011001000010011100111011111001100110001101010000011010110000000001011100110000111101001111111010100000111100111110001010000101000010101011010101100010111000001001001000
10101011101010101100111001001011011110011001010010000110000001001100101000110100010010110110111011101101111110001000100011111000100111011011111111101001000111011110011101011001100111100100100100010010
00111010101101110011111011001000101100101101101101100101111111100110111001011011000010010110000000001010011101011100100111011001011001110100010111010100101000000110011101010001110000011101101010110001
00011001011100010111110000000010010010010100110001111001001100110100111000010110100000010011101001101110010000011000111001001110100100010111001000011101001101101010110101010110100110110111000100010000
10100011111011100101010110100100110011100111110011100110011010100101000001011010011111011000111001000000111000100110010100100101100111100000111001101111101001110110110000110101110011101101111100001001
10001111100110000001110010010111101111101101000000000011101111011010001111001010000011000110110110010110011100111110100100001000001110011110101110000011101111111100001100001000101001000011001100111110
10011000111101100110111001001111100111111010111110101001001011010110000011000011100001011000000001011101110010010100100001111101111010100101100101000100110100010011010001001010101011101000101010101100
11000001000100110101010011010100000000000101011111011110101100111111110101001010111000001101001111000000111011011110100110000001101011000110101000110110101011000111111000011100110100111011101111001110
01110011001110010000110110001000001110100010101111011100010101100110001010101110111001100111111011010000001000000111111010001001100111010000011000110001001010111011000000110101100000111111010100011010
11100110001111000010101110001010101010011110001100000111000110101100101110100000000011111010000001001011000110001101100100010100010011001101011011010011011111110000111000100111001101011110011001100110
11100100011000100101101010110111011000010000001100010010111011010101011110011010110100100010011100100010110101011101001010001110010010110110110101111010011110011111010010100110100110111000101000111111
00001100101000111001111010000110011001011001011100101010011100000001101001011100001110110000011001000111111010000100001000010101001111111010101001000000011011110001110111011001100100000001010111010100
01011100111111100011011110000101010110100011000001010101011011010010010001011111010011101100101111000010001101111101100010000001100010101111111110111111100100100011100100001011011111011111101000000001
10101110100110110100100101100111001111011111100001011001000010111111110100100010101011101110111111101101110000010101011100110010100100001100111000111111011010110100001101100111001110111000111000111001
00101000011011110101010110101111001011110001111111100011001010100100000110100110100101001010000100101001010110010001001100010101101111111100010001001011100111001010011001101111101010000111011100010111
00100110000111101100010101101001000101111001110011010111010101100100000000000001110111100010101110010001111110000110000100000001100000011010000110111000101001000000000111110010000110001101011000000101
00110101010110100111101011110010101011001010100111000011111010010101010000110101101011011111010110111011101000100001100100101010011011011100111110011100111111001011001101010001001000000101000110001100
10010001000100110000100110101000011100100001000011100001100010110011001001111111000110000010110000001001101000011000111100000001001011010110110101001100110101100101111001010110010101111011010001111011
00110010010000011101101110001110000101101010010110010011010110010110110000110010111100100100000111011100001110101000011010111111110010001010101001101101100000111100110001110100111000010101111000101101
10101000110101101110011001111110100000011011010000110100100011001110001011001001101011001110010101110001001101100111110100101000100101001101010101000101101010110100110011110001110010110110101110111100
10011100010110000110111101001011000111011110101100010001111110010110110111000100101011100010000001011010010010100001101010001100000111010111000101101101010011100000011001100000010010111111101010110111
10111000001101110110100000110011100010010100101010101110101101101101101111100010001100111101101111100101111111100100010101010101111110101110001000000010010100100110011111011111110011111110101011001100
10011001000111000011010100111001001001010101110100001000100101111011111101000011010000110111010011001001100101011100110101010111101001010010110110100011001000101001000010111011011011010011000011010010
01010111101111100010011111010100111110110010000010111100100100000111001000100001110111110101100111011111110100111011000100111011010010100101000000010010101101011010010110111110111011110011101110110101
01101100000001101101010100101100001011001101111100101110010101110111010100001011010111000100001101111001001111001100100001011001100001111010001111101001010000101010010101000101011111111000011100100010
10110011100110000100101111000011100100001000010001111101101010100111001100110011110110111101111101000101110010101101010000010001100110111001101010100111000101011010000001100100010101011100111111011101
11110101110100110101011101111100100110010010100011011110101111111001110010111110000110100001101110010010100100011111101011011001000101011111101110010011011011111011011001101011110101010010000010111101
11001101000010001001100001000110101110000011000111011000000010100000011001100100111001101111001110001100001001110001011111000101011011111101111101100101000010010101011011111000010010011110011111101001
10011100011100001101110010100001001011101011100011100111111110100100011110110100001000110001000011100101001000101011010000110000110010110110011100011101101001010001100111000111111001100010001100101010
11101010110001100010001001100001110101001011100111100011110100011111100010010111001101111111001001000101100110110010100011101010101011101001010000001110001111001011011101101001010000010111110001100000
00111110010101011001110101001000110100110011000100001010110000100111000100100000101111011010011100110100111001011001000110001101000101000110000101011000101110001011110011110110100110111100011010110010
01011010101101111011100110001001001100110011111011110110001101101100011011110001011101111100110001100100001111000110001110111111000001111001100011101100001111110101001111101101110110101011110110100001
00110111011111010010101101111100010100110000101100110011010110001111111111001101001100100101011100001111100100001100111100010101001001100111001100100101110111110010011010001101111011101100011111111100
10111111110111001101111000110000010001000010011010110001110001100000101000101100111010001001000101001101000001101100010111011011001101110101010101101110000011011101010010001100101110011001100010011110
11011101000101111011101010000000110011000011110111100010011010101011010100001011100101111100101000011001100000000011001111001110110101011010001100000010001001100110010011000100010011010101010110110100
11101010010011011001011110011100110010100010111010011111011110101101100100001001101100010000111111000101001000011010110101101101011010100100100100011010111000001011101011000110010001011111011000110001
00000110010011100011011010101101110101010000001101001101100001010010011001101100011111111100111110111100110100001011001111010111100010100101111010010101111110000111100011101110011110110001010001011000
00100101111110000100101111010000000010001000011001101010000100011101111000101110000001101100010110001000100010000100000010000101100110011110100101111110010000111101111011000011110100100010101010111011
10110111010000101110010001000011010000010101100100110001111010111101010100011111010001001001011011011000110010001111110011001111110010101101110111001000111011011010011000000001010001001001110001100001
01001111011100100000100010000100101110100010011101010101100110111101011101000111111011011001100100010101110101011101101111101001100110111100111100000011101000101010000000000000011011011110110111101011
00010110100111011110110000101001101100101011110011110010111001111000110101111000010100111000111011001101001111101001011110010101000111101000111010010101001101000101100111010000111110011101110010011111
01001110010100111011010001101101011100010110111110000000001110001110011111101011011010100111000110000011110100110000101100011100101011011010000100110010110111010001110101110011110100111110111100101111
01000000010011000000001001100111111011100100011010001000011011011001010100010110110111011001011100110000110101100111010110101010111000100100011100110100111101000011100100000101011010000000100011110011
01111000000111010110111111100010000010011101010111110001111010010111111101010011000110101111110111010111101110100111000010011110101110010010001010110000110101010011110010110110011010101010000000000100
00110110001100111110101001100100110001010000111111100010111010000001100110111111001111111000110000100100010110010010111100011001101101011010000001000111101011000101101001101101111110111101000110110100
11111101010010101110000000110001001100000110111111000111001011000010111010111000100100000110000110000100011110010000101100110111100101100010101011001010110001011010101100111000110000111101101011111110
